0.000000 0.000000 0.000000 0.000000 0.000000 0.000000 0.000000
-3.538543 0.136070 4.684829 -0.234601 -1.559834 7.019040 0.056036
-1.360858 0.141260 4.329860 -0.335866 -4.614462 12.414073 -0.279644
5.793670 -0.298381 -2.089915 -0.875627 -2.806863 9.007536 -0.024808
-8.140752 0.157541 7.238661 -1.943757 1.573566 8.098984 0.086931
-2.044551 -0.375966 2.969460 -0.462824 0.038025 7.382674 -0.163234
-4.293464 0.095800 5.367839 -0.494999 2.315729 5.573447 0.056209
0.000000 0.000000 0.000000 0.000000 0.000000 0.000000 0.000000
-5.848618 -0.562628 7.197474 -0.164347 0.697446 7.684612 0.127086
-7.943661 0.056052 7.239084 -0.606840 -0.623213 12.402329 0.113074
0.048704 -0.188124 -0.000476 -0.463739 -0.000288 0.132641 1.454264
-1.630402 -0.060769 0.302968 -0.262466 -4.016413 12.555388 -0.156416
0 0 0 0 0 0 0 0
0 0 0 0 0 0 0 0
0 0 0 0 0 0 0 0
0 0 0 0 0 0 0 0
