-4.567 0 4.327 0 3.131 5.611 0.1 0.1
1.825 1.213 -1.506 1.053 0.931 1.611 0.1 0.1
-1.625 0.215 1.806 0 0.825 1.435 0.1 0.1
2.932 0.413 -3.706 -1.324 0.883 1.515 0.1 0.1
0 0 0 0 0 0 0 0
1.825 0 -1.506 0 0.531 0.611 0.1 0.1
3.632 0.314 -2.822 0.104 1.331 2.215 0.1 0.1
1.632 0 -1.814 0 0.431 1.114 0.1 0.1
0 0 0 0 0 0 0 0
0 0 0 0 0 0 0 0
0 0 0 0 0 0 0 0
0 0 0 0 0 0 0 0
0.184 -0.008 0.163 0.009 0.00012 0.151 0.1 0.1
0.284 0 0.098 0 0 0.224 0.1 0.1
0.257 0 0.142 0 0 0.372 0.1 0.1
2.484 0 3.324 0 0.583 0.957 0.1 0.1
