0.000000 0.000000 0.000000 0.000000 0.000000 0.000000 0.000000 0
-3.538543 0.136070 4.684829 -0.234601 -1.559834 7.019040 0.056036 0
3.574167 -0.370765 -5.803455 -0.308437 -1.107779 8.234509 -0.221669 0
5.793670 -0.298381 -2.089915 -0.875627 -2.806863 9.007536 -0.024808 0
-8.140752 0.157541 7.238661 -1.943757 1.573566 8.098984 0.086931 0
-2.044551 -0.375966 2.969460 -0.462824 0.038025 7.382674 -0.163234 0
-2.929166 0.463331 -6.753501 -0.173796 -1.332034 10.829241 0.080213 0
0.000000 0.000000 0.000000 0.000000 0.000000 0.000000 0.000000 0
-0.460321 -0.410868 0.346657 -0.693942 -8.701258 15.133178 -0.298632 0
-7.943661 0.056052 7.239084 -0.606840 -0.623213 12.402329 0.113074 0
-25.757772 0.851604 49.351715 -0.986826 -0.409532 2.086077 2.331534 0
0.352926 -0.464924 -0.386817 -0.129266 -15.036648 17.324944 -0.649177 0
0 0 0 0 0 0 0 0
0 0 0 0 0 0 0 0
0 0 0 0 0 0 0 0
0 0 0 0 0 0 0 0
